<<<<<<< HEAD
4.874343843618398342e-01
4.105964816893353797e-01
3.973457987020792004e-01
2.453287094209245789e-01
2.676809589979032844e-01
4.615559740542006240e-01
4.531102213881928464e-01
2.394359482855089039e-01
5.059461218498559898e-01
5.518298486608280706e-01
4.050118689809686368e-01
3.005510736915068537e-01
1.182895244774400806e-01
3.220736786769594628e-01
2.770942049305656907e-01
1.555916547587431475e-01
2.101317286803771472e-02
1.056866819255629780e-01
3.808788638458565079e-01
2.665040156648952885e-01
3.001698971567892116e-01
8.353167361261538693e-01
1.425368614160886505e-01
1.818967050843228739e-01
3.978523985079405745e-01
3.545483212170781884e-01
3.330332830180844916e-01
4.363096902624190587e-01
2.229896958683655062e-01
5.405149925901331365e-01
5.367472626883297293e-01
3.078319199686035956e-01
4.191186706847404575e-01
1.705649256394129731e-01
3.560994874924887088e-01
5.277608569111268411e-01
3.793575328701618288e-01
3.266551152468397112e-01
7.274151699602279253e-01
5.258798319549468081e-01
1.227991149187885045e-01
2.569508673012741440e-01
5.199711786111050893e-01
3.003334536412365918e-01
2.827151030005392029e-01
1.160503371767725722e-01
5.048660472890195150e-01
9.401568955895003854e-02
1.225139931031431345e-01
2.229896958683655062e-01
4.987515254973091117e-01
1.786748293721575342e-01
8.220440666210782066e-01
7.347845244375732499e-01
3.281168361472557304e-01
3.911207868746906513e-01
1.505239384582528206e-01
6.638218701687802203e-02
5.791491130218193728e-01
7.881314859888020885e-02
2.956245856435616992e-01
4.898347306861139949e-01
3.911207868746906513e-01
1.328562206284764069e-01
5.558747686666235532e-01
6.130109304871308312e-02
2.949154505384973812e-01
8.247543839531137344e-01
3.719302143845907849e-01
5.866730318617042750e-01
2.474522905000672013e-01
3.911207868746906513e-01
1.111517332729371615e-01
1.270499429435345551e-01
2.302405508872368833e-01
4.535623479347771214e-01
3.953251015910820287e-01
5.685809840676157856e-02
5.725152697513432587e-01
2.700180979879251431e-01
2.195802243169681367e-01
1.549366219275307988e-01
1.306300429614999092e-01
3.968447121304800040e-01
1.821460732384795264e-02
3.364466583368504460e-01
9.298295899625570737e-02
1.572947304216090747e-01
1.805781548176887130e-01
2.333115196941808189e-01
3.911207868746906513e-01
1.474403924878360250e-01
2.536049074826017824e-01
1.313569715096622736e-01
7.526684673368987388e-01
2.444294271129548723e-01
2.725010369756534212e-01
3.826810898799526961e-01
5.683500550573664656e-01
6.197959006474237365e-01
9.586604367797114667e-01
3.395386254569376927e-01
4.051380951537764119e-01
9.215059029776113686e-01
1.999763767444847073e-01
9.610031947182171574e-01
7.878713931233189971e-01
9.111022666432170292e-01
1.591515060949644511e-01
2.010639519843453182e-01
7.954346312945852482e-01
3.471077420129128344e-01
8.704566751064091168e-01
3.352737597124231250e-01
6.765218997389484956e-01
4.319074597293983686e-01
8.171608352400595576e-01
9.080227347865369447e-01
5.306593194374067401e-01
3.874543309060401453e-01
8.363599668681577504e-02
5.404779960527511529e-01
8.788158457635578680e-01
9.245386489004406849e-01
9.117411237051141759e-01
9.574355000384571213e-01
7.571603542787147534e-01
7.080175724739313781e-01
9.491599355888598044e-01
5.262083614006581866e-01
9.931912284226708243e-01
7.817471742889270381e-01
8.111805564535450319e-01
9.858648442828084058e-01
9.924489621791902083e-01
4.196120219950599251e-01
4.014460589699584969e-01
8.797850060753634738e-01
7.760411917631671042e-01
9.728697288637160323e-01
9.090721377990972352e-01
7.471804976886138594e-02
6.876896999641612940e-01
9.244265152085778814e-01
7.124684139232047020e-01
7.199320874976840035e-01
1.932914197019685032e-01
1.182273984252699278e-01
9.836523638459222507e-01
8.373924089021561601e-01
9.999266018855753613e-01
9.868262895177801752e-01
7.818424354975309631e-01
6.569024382939666618e-01
4.072424380301333247e-01
6.959649729492490833e-01
6.702539758965565531e-01
4.461571916485408962e-01
8.417277121745003754e-01
6.818299633710003249e-01
1.961242547142958703e-01
3.764889205334516209e-01
6.121988867574890136e-01
9.511108828596473996e-01
9.218897793489103654e-01
3.364293782186364989e-01
8.079266317690511068e-01
1.658208348697401135e-01
6.387944503630040849e-01
2.229754975996149913e-01
3.246593607195413234e-01
3.779968507936922184e-01
3.995464646048920154e-01
5.416619791381711568e-01
8.542679139682033407e-01
9.970957148693102567e-01
6.272371859775281999e-01
4.434479879701379024e-01
9.491878617218921788e-01
8.570159240169566983e-01
9.229562813569919255e-01
4.626295121692175494e-01
5.272651544633664145e-01
8.689228788280884963e-01
7.342616880642798272e-01
9.421782731288097512e-01
8.962977998843418836e-01
9.528593565250365049e-01
6.718244216090848986e-02
8.822170834372800030e-01
8.863614793346955567e-01
6.405477212229702122e-01
4.757418327218355114e-01
9.716504719838016113e-01
8.631435103888154270e-01
8.159835337444597547e-01
3.796570598814138497e-01
4.961444110777524785e-01
1.706306543222569083e-01
8.270388176699859928e-01
8.188217764011211652e-02
4.919893897200057209e-01
4.329407357900084685e-01
3.955479936810000763e-01
3.728502256173578389e-02
1.924100322001231211e-01
3.568355031775809899e-02
4.044957058604257798e-03
1.981646687257743178e-01
5.728819038844408240e-01
4.118568432557651593e-01
4.203521258879916456e-02
1.589040031811621845e-01
5.218628048810299846e-01
3.140011550624731695e-01
4.742951234447532194e-01
7.716120528288562541e-01
4.687191854686966752e-01
2.600807073209636111e-01
7.751362851860417458e-02
1.405007470185486509e-02
2.045867574687606494e-01
4.857499024819856293e-01
2.402419170688571415e-01
4.733620268113507973e-02
8.121862137756717670e-02
2.730477955627171882e-01
4.706254175026327591e-01
3.874543309060401453e-01
4.343753449606622130e-01
8.680584716008893365e-02
3.662603812923625468e-01
8.240702003040996093e-01
2.459510095926580597e-01
3.920624008086204260e-01
1.398455104808176974e-01
9.632900224588700211e-02
5.466779389140397072e-01
5.471535719563949129e-01
2.130328149467950738e-01
1.345862694540776450e-01
1.178341999334952261e-01
4.301285745380268866e-01
7.495595563330850197e-01
8.914987710337750615e-01
5.449677488803256198e-02
1.680936919414003639e-01
7.029245210416314171e-02
7.590752196128017215e-02
4.360331686276038288e-01
4.564744243152378256e-01
6.928068153723522249e-01
7.083336574028042953e-01
1.756319649115327675e-01
6.455595492323580320e-01
1.279674553772704726e-01
3.684734138355918454e-01
1.512406363884515048e-01
1.309155861896038053e-01
4.613303309050673096e-01
3.589623503461942811e-01
2.733507989666491556e-01
6.377429919148485116e-01
1.607225188763242718e-01
1.595022035065575550e-01
1.833370783919853475e-01
2.633931678943182142e-01
1.116966467627642373e-01
3.473584867745859589e-02
4.070001871555086193e-01
7.737811029649237227e-02
2.383676392318603010e-01
6.163522946779051992e-01
5.859593570936810769e-01
1.783354868683560135e-01
4.712196847712920578e-01
5.471535719563949129e-01
4.043757167918670126e-01
5.335603136576732020e-01
3.577230003548456660e-01
7.257476352309500944e-01
4.545685264665413339e-01
4.100178788286543696e-01
4.199003825751222996e-01
5.689342483497706465e-02
4.431416732080232374e-02
6.631560332268732205e-01
4.570510472692256715e-02
2.112357350900529451e-01
5.952003038822130110e-01
2.507357379426697341e-01
4.545685264665413339e-01
1.827656734577698394e-01
1.307951589185987057e-02
3.522988692709460579e-01
3.845140804967851766e-02
6.997884092451118754e-01
4.545685264665413339e-01
2.613440930940659213e-01
2.476638236067933430e-01
5.650494534990284645e-01
2.441284981923970143e-01
9.218823281517636303e-01
6.265088071141684534e-01
4.475534344338840120e-01
9.487503364620643032e-01
4.935451893102595911e-01
6.394660846723648762e-01
1.495438617939791326e-01
3.305144416338052227e-01
6.773050822273705140e-01
3.874543309060401453e-01
1.344236441395545989e-01
1.468679269052710346e-01
3.940483596171306946e-01
7.498475551538692496e-01
3.881096196701587786e-01
8.865731085467147832e-01
5.106739782630181912e-01
6.112296119668432226e-01
9.257338470900838834e-01
9.862221759615523720e-01
6.159715863474535258e-01
3.598281261604440728e-01
5.089211714249579632e-01
5.371084917037223239e-01
9.993947742680172608e-01
3.130449807489667502e-01
8.534294829407365057e-01
4.022240637921036810e-01
9.958784101680715484e-01
3.081257092974244438e-01
5.410019067279681071e-01
2.282277501684340515e-02
4.393663879990140630e-01
8.340741024825681915e-01
8.964913133850446192e-01
8.640602082209557500e-01
6.387229441792816598e-01
4.308557818180975829e-01
3.089492631451123406e-01
2.152487509163039658e-01
7.039902265307601548e-01
4.968918321428201779e-01
9.175903867704049421e-01
6.328342784995988346e-01
3.722234892288934227e-01
8.044618629425814849e-01
1.148678224091415484e-01
6.592883543999975560e-01
4.780867352602670706e-01
1.253508096062321830e-01
7.632276412532773557e-01
7.170145575619876199e-01
9.007712351353569513e-01
3.169975898889978994e-01
8.412041352574590736e-01
9.073139731617204662e-01
9.619629751884151148e-01
9.460245663116129133e-01
3.505296024338637739e-01
8.756078548960422037e-01
5.175345250467201508e-01
5.883619291143663554e-01
8.117097700196567178e-01
7.344819943737821433e-01
7.410185374781254053e-01
8.840847187605685997e-01
3.204721870996476984e-01
5.721564462708077503e-01
2.511833475029466856e-01
6.752471399189489132e-01
3.869219927653607671e-01
9.044106360286781054e-01
4.377163723202600054e-01
9.126285863453184044e-01
8.555355698133605413e-01
7.126078552564802937e-01
1.430682346986638376e-01
4.937283067050345919e-01
4.697136729742958372e-01
8.378000471373747704e-01
5.704953856768346654e-01
9.743305511556273890e-01
6.593165239102853903e-01
6.993975563118804972e-01
5.434060233318834809e-01
3.542678201628117751e-01
8.693184158326510147e-01
7.624826563552270509e-01
3.281842080629932545e-01
2.469896823713390588e-01
7.888231308470267100e-01
2.515752723495731993e-02
1.588236190155689898e-01
9.904316613417882831e-01
3.591472256255662243e-01
7.137449899722825286e-01
2.521691729437905427e-01
9.078130935560565495e-01
1.218527710176075668e-01
1.583427502528488851e-01
4.110348941513264701e-03
1.522540347545484063e-01
1.955494105417442674e-01
8.546468293312133035e-02
1.335068811799965116e-01
1.324397362383707144e-01
5.207925790766206736e-02
4.241916083635443036e-01
6.489546650611442979e-01
4.538199083232325598e-02
1.102051316596389802e-01
3.221563171664047487e-01
3.079943798741711647e-01
1.218861874640637388e-01
4.987515254973091117e-01
1.982907922557545222e-01
9.572918051075868240e-02
2.517617951539707910e-01
2.705639200183463933e-01
1.460148160363245740e-01
3.890714149542071065e-01
1.216869538420981972e-01
7.038921395769839329e-01
2.904494086018831189e-01
6.410503899200047373e-01
3.088742603798366182e-01
4.698206220744089445e-01
3.058427144763325445e-01
3.107455878552585204e-01
4.166495275849506075e-01
1.902504720351922141e-01
3.212544787651440692e-01
1.734526881891804706e-01
2.107441276038249933e-01
5.042660059399020067e-01
1.942330200900133919e-01
1.061151286200339022e-01
4.258167900939477946e-01
9.151374124987061709e-01
2.280414812886765730e-01
6.786353948255922919e-02
9.686034220505437831e-02
1.018631205848747057e-01
1.403315256055907567e-01
4.210373251893103630e-01
3.513379743726346982e-02
7.827877232253137585e-01
6.324872771226970336e-01
4.798854752512212163e-01
2.964412121264493605e-01
4.304805290800916007e-01
5.350200343999974573e-01
3.546616024516652810e-01
5.386836839868429649e-01
2.247807455492554507e-01
3.094389748277641128e-01
2.681795015044711183e-01
2.685006665007903526e-01
1.527956330172779709e-01
1.333410656891999002e-01
6.885285091441254446e-01
3.591792047109334529e-01
2.536808624478628094e-01
7.702159580230287794e-01
1.578565036998942073e-01
3.389845205786571891e-01
3.911207868746906513e-01
7.038681588032504877e-01
5.144800161440682418e-01
2.057278462378331341e-01
4.165667439796200688e-01
3.058565052720919053e-01
4.547181297442609016e-01
2.322155787796218451e-01
2.992248500758242225e-01
1.884474305342088152e-01
1.560053242741707979e-01
4.096450852810680776e-01
1.193411188765551578e-01
4.061718909935956301e-01
6.098609708266005125e-01
7.212197588271462845e-02
5.196971475056946232e-01
2.182631151431567995e-01
1.582276881347557951e-02
3.474793524685930723e-01
6.398767430065140926e-01
1.114312961607468594e-01
8.245977562753076251e-01
2.581853104509246877e-01
3.745037356676659268e-01
8.225141912996857263e-01
6.026888027008484583e-01
3.631021734181610339e-01
2.505094030686622064e-01
1.911729988247851675e-01
1.761365967969062418e-01
2.545486740360773381e-01
9.666921501390818294e-01
7.232871709770374302e-01
7.165756235731802759e-01
9.691518619035049964e-02
5.748885560648361315e-01
6.162676780753124639e-01
9.062248463920085095e-01
5.499596857948914064e-01
8.199449127916917934e-01
3.904060276844154576e-01
3.820556340688643360e-01
9.517801856412497763e-01
8.494964421109900687e-01
4.714296332394133371e-01
3.982421396833705773e-01
7.848695284537841044e-01
7.768585994135037698e-01
8.613561202426147645e-01
5.957450887215540725e-01
5.335159842356270721e-01
6.493289329378078012e-01
6.677977165978992158e-01
5.620937418802477437e-01
2.646895694801540966e-01
8.246720462428568377e-01
9.766279935567135917e-01
2.223149401765665001e-01
6.809778936995157794e-01
7.113116187724003447e-01
9.989212711783188592e-01
3.080507874915588418e-01
9.080227347865369447e-01
4.541488636539304791e-01
8.089967593798346179e-01
4.289598913284781156e-01
3.191581315563439825e-01
4.152310155125234492e-01
2.306302614485726266e-01
7.700510771457670378e-01
9.249858699299737808e-01
5.984961330628042475e-01
5.440223379130338932e-01
9.462966018227965126e-01
8.276015378980484671e-01
6.842559233647611538e-01
7.348654505170167939e-01
9.318684777763625027e-01
5.219419915109926311e-01
9.774217978449315503e-01
9.894795703938128462e-01
4.327088937750752651e-01
6.923827359407386250e-02
3.512686368144187221e-01
8.975163628875707511e-01
9.147670056228560664e-01
9.080227347865369447e-01
5.460344613408673053e-01
7.724378230757789066e-01
4.109450609363409224e-01
6.432350068627750161e-01
6.371303384555309091e-01
8.517259577001767834e-01
9.974799199027329921e-01
9.543356429106854000e-01
6.073784797486180276e-01
2.559007939597470194e-01
1.770885893660623656e-01
9.353387513213118343e-01
7.812473696756123687e-01
3.303897788955765247e-01
9.386206278683235649e-01
3.542877796356245779e-01
3.818819719492144160e-01
3.508211782399819900e-01
3.889265190828682384e-01
3.911207868746906513e-01
6.874749515163649516e-01
7.620746901496305847e-01
7.321749298704317566e-01
6.044617059358504685e-01
7.890390334051321508e-01
3.612115981244500285e-01
8.727889346868427101e-01
4.721701347681655503e-01
4.452849018156040395e-01
9.416189336288585121e-01
7.472057626340625758e-01
8.166382958253721736e-01
8.979202073182778188e-01
4.869744111715930690e-01
7.824244134487751134e-02
3.325226727763831991e-01
8.335616576557963731e-01
3.691606845772448797e-01
7.685630336687001574e-01
9.524020792204010988e-01
8.906473953531772736e-01
7.584085200480537026e-01
9.963811414021473967e-01
7.210427076291895387e-01
=======
3.378738000360554383e-01
5.341160239575545310e-01
2.798551247861525426e-01
1.026375452908089431e-01
3.865645328657746904e-01
1.766337099671723421e-01
1.655138062579816216e-01
5.308933642883013615e-01
3.132235093420670524e-01
5.204263241884190538e-01
2.739391779298429586e-01
5.033625916033330761e-01
5.690128781982994877e-02
1.723288468824557274e-01
1.816079836548123716e-01
1.240221536038214611e-01
3.526784206431592128e-02
1.439470651467228135e-01
4.232082678073305071e-01
5.888244513374770728e-01
4.144371743015471399e-01
4.011047193851513537e-01
4.016835561364160978e-01
3.068243531107864297e-01
3.575205577027779080e-01
2.845697457255629836e-01
2.523394853636437563e-01
4.397022625323965817e-01
2.996971538815009772e-01
2.236929708284240426e-01
5.376563190530362357e-01
3.168864973996650125e-01
5.063639238325636782e-01
2.204285510116309882e-02
2.097317042288509570e-01
5.825681510344750125e-01
3.329888694399172899e-01
2.049424811310793793e-01
3.665146058900352055e-01
6.217779969963478370e-01
9.812259442559274902e-02
3.049768129954784079e-01
5.542210161235725518e-01
4.130041655872798145e-01
9.766897404457189347e-02
6.943293241589139353e-02
2.318919456499589637e-01
1.493497452803425052e-01
1.084074938040615471e-01
2.996971538815009772e-01
4.219289020144523783e-01
1.753347402186342663e-01
8.531434616627961987e-01
3.475477537576329712e-01
3.965147620762403124e-01
4.335451488757309235e-01
1.017606066118513647e-01
9.495774446824928328e-02
6.048396478333892823e-01
2.467008276805744971e-01
6.530243873824218559e-01
1.766352352705995443e-01
4.335451488757309235e-01
9.553934012334372450e-02
4.491671209279136240e-02
6.576685839520303445e-02
8.687086097851520750e-02
4.579967876561215068e-01
1.194172395641100309e-01
3.328742868615732764e-01
9.983224615738454932e-02
4.335451488757309235e-01
2.734539566992859050e-01
3.405447080897949091e-02
2.786133826877114639e-01
3.363011287924328463e-01
3.741395045190352153e-01
4.816022495794166497e-02
5.648819348453547606e-01
1.069493718103645130e-01
3.509274564400115537e-01
4.230905732478977554e-02
1.721657093588596366e-01
4.014442231019950125e-01
5.632246847321793065e-02
3.902254302270433683e-01
1.947926878838854015e-01
6.667643344435617014e-02
2.013522869533981574e-01
8.553894118663088464e-02
4.335451488757309235e-01
2.298559639226362139e-01
3.087729852468950043e-01
2.227270184912446271e-01
3.210263253461139721e-01
3.589038017062836095e-01
3.197542491665048003e-01
5.873972339731352577e-01
1.063540184657953275e-01
3.324292630387764014e-01
9.576504630384011785e-01
7.854205518152180820e-01
4.923459116847791472e-01
8.516449101980166914e-01
3.513900692859570074e-01
9.511061458890652798e-01
9.028360607662657689e-01
9.303769744205748760e-01
7.002026248079122519e-04
8.200886883704264219e-02
7.961080522570099793e-01
2.764151924647555991e-01
8.555693671893237484e-01
5.792260989579699482e-01
7.107661021551562319e-01
5.769323038049125607e-01
6.471768662872925404e-01
8.922717074338252230e-01
6.406467178756295455e-01
4.708984583858042972e-01
8.349311259805128338e-02
7.913554570276740696e-01
8.698802957077007569e-01
9.032655692414650606e-01
9.045503345681780161e-01
9.429656946392503958e-01
8.126170133635802761e-01
7.478343784720755671e-01
9.501628836341384776e-01
5.817657250911016931e-01
9.982295170582899946e-01
7.569995471580486246e-01
9.455802302535255555e-01
9.707031402345798199e-01
9.972560477997800543e-01
4.157960752377489189e-01
9.111742987145594885e-02
8.899861108780151575e-01
7.926155752008368083e-01
9.267007733644903045e-01
9.060547451109536299e-01
2.628922215345909016e-02
7.352082532291296380e-01
8.811200074463068077e-01
7.275696769494751637e-01
9.291463159018215068e-01
6.938606089012301636e-02
1.109474422448354231e-01
9.771961021672979086e-01
8.277371900651900871e-01
9.995154987295685745e-01
9.596880379645550407e-01
6.910336945424082611e-01
8.186914013052212225e-01
3.302392575595905488e-01
5.870392820328858008e-01
6.946898431934890317e-01
4.875199863022585678e-01
9.131178779006916546e-01
8.397309017816255716e-01
1.838107146807281822e-01
4.080995411175696863e-01
6.316230312426096560e-01
9.465546012044997459e-01
8.533770809704067650e-01
3.057364816006764574e-01
7.933579540915608463e-01
4.483088857717968945e-01
7.273674184117654429e-01
4.638131606705512278e-01
5.540840512963550735e-01
4.117540533762783506e-01
4.508101171549249719e-01
7.743101058485930555e-01
9.456433704409584751e-01
9.567021915337381444e-01
4.732907145006663430e-01
4.352695473437936946e-01
9.485424976743682679e-01
5.138986645169779655e-01
8.726236793132680081e-01
4.100407027388831838e-02
6.763688419637818861e-01
8.481273827656325981e-01
6.944038070087474868e-01
9.045138620871483459e-01
8.582234615857591287e-01
9.426035144088312778e-01
3.399518601693263808e-01
8.328297209898375408e-01
9.127325384823992138e-01
7.493295293967608961e-01
6.705009164571670288e-01
9.655323513148562631e-01
8.823000289628344373e-01
8.684349341240024112e-01
7.087852852065597009e-01
6.586782869371148319e-01
3.480990689983087250e-01
8.938932726370641957e-01
1.796388093888861559e-01
6.091542475536129153e-01
3.730830394814071416e-01
2.746612426039571897e-01
3.200210082930515093e-02
5.777102389529642501e-01
1.024202082484086118e-01
3.513285203605486743e-03
3.464604779501993526e-01
6.777234503665563459e-01
1.625828617290860090e-01
2.127260444276515838e-01
2.271291089051400425e-01
5.426995848200336647e-01
5.197904196018109380e-01
4.704003587290157551e-01
3.564195609231770590e-01
3.180083855766763778e-01
2.502083327593756512e-01
6.289166136592319600e-02
1.321136144880384056e-01
1.886649397449935150e-01
3.619478233823236746e-01
4.730060721736613627e-01
4.206699887655499653e-02
2.023889015991144763e-02
6.693865256571832068e-02
4.918666238253684431e-01
4.593163414353209628e-01
4.838357045175277205e-01
4.001838456635111591e-02
3.288945082826913446e-01
7.642584392269839988e-01
2.549950187497047605e-01
4.243012988160557164e-01
1.913380620639711649e-01
9.014031020140080008e-02
6.748540822116902982e-01
5.850076903575973652e-01
2.016554606041777997e-01
1.179145040130780142e-01
1.972313723534237784e-01
6.322402818587635753e-01
6.171386102831061260e-01
9.120902588695239954e-01
6.666950686842963714e-02
2.777966917877537356e-01
3.055282287766592983e-02
1.369249735267383805e-01
4.445666333083617694e-01
3.645661565358878087e-01
6.938349439062243551e-01
8.276546495296051020e-01
7.727825619488652709e-02
6.404076215711301812e-01
5.172686934661445690e-01
3.670884498040909993e-01
2.565593053484607200e-01
5.289931226775962392e-01
5.877632832298693710e-01
3.925530353698830632e-01
2.306067933930728842e-01
2.341856037334766882e-01
9.969252724278750144e-02
1.375125912356903457e-01
2.536110293914095037e-01
3.010992705477234521e-01
1.341084802872291593e-01
3.228583339836541694e-02
1.609913251370164444e-01
7.978772687045783407e-02
1.025297669552497071e-01
4.485295302921384342e-01
6.503540766932929262e-01
3.531176454224763672e-01
2.498034020488272555e-01
6.184647551021417167e-01
6.902144282496546213e-01
4.253152682501762927e-01
1.696163273656535742e-01
2.845589879086867224e-01
4.725541066728584094e-01
5.843703841798043586e-01
5.202992685004805828e-01
9.238971754416665239e-02
5.152383983946844798e-02
6.576787955872842595e-01
1.213505266299739066e-01
4.869461936836495530e-01
5.900592285295038764e-01
3.126265664376769449e-01
4.725541066728584094e-01
1.071293980482336539e-01
1.276707803945723030e-02
3.619713202760386217e-01
1.252742552223138142e-02
7.593255066571812373e-01
4.725541066728584094e-01
7.074601353304509066e-02
9.079379193611392118e-01
6.268805678725978270e-01
1.923554005687703461e-01
8.002631283371786086e-01
6.964851048454523408e-01
5.190607134925815380e-01
9.864453775818186054e-01
6.535796317016846491e-01
5.234426442247084310e-01
4.007597432173909402e-01
3.844624814339212548e-01
4.993420524216319323e-01
4.593163414353209628e-01
5.499660359839745327e-01
4.404234763914533501e-01
4.385858614169714231e-01
8.703597435448072739e-01
7.650766423031157837e-02
8.499227579929659049e-01
6.185784566067754620e-01
7.509386754106925910e-01
8.261643400814788762e-01
9.957015731459456509e-01
7.946614102928035717e-01
4.475799750908380226e-01
5.972591737589394434e-01
6.704172779631595303e-01
9.978913037909885597e-01
5.271809530833330149e-01
8.201328640840238604e-01
4.354586088150331213e-01
9.947453031607327301e-01
4.367399965519643823e-01
4.336088354640610376e-01
1.180281757439550910e-01
4.732616803368617786e-01
9.533410951241217957e-01
8.498604655793524643e-01
7.265968088227178212e-01
6.430980570527622397e-01
5.508934747438638535e-01
5.547896764641438994e-01
8.462579872781395007e-02
1.923063046238294160e-01
5.364965691511115464e-01
9.050313188963835520e-01
5.783177291940951870e-01
6.997255666256209095e-01
6.891424679076573190e-01
5.319596610394837777e-01
6.003080110567634575e-01
5.925513187584481312e-01
3.437954782706475476e-01
7.950193944678691782e-01
7.587759164772724940e-01
7.907493034618006122e-01
4.131384053248325916e-01
9.636692386220045980e-01
9.345057980909169393e-01
8.978016431258937224e-01
9.977015961683317613e-01
7.396649543915225777e-01
9.253336139841247254e-01
4.855007974816797356e-01
3.653461220925398045e-01
7.237260023312308554e-01
7.749918813748557511e-01
9.579278711360881271e-01
9.633453585013611598e-01
3.803272891036304504e-01
8.048635972310944631e-01
3.823153948324304330e-01
6.810352686186353921e-01
4.103329901711221250e-01
8.038239474745753066e-01
5.230969502997440124e-01
9.252207715851591407e-01
8.439040149016369119e-01
8.540615444504363607e-01
4.077543209836946847e-01
8.416552277204898402e-01
7.624408065579114657e-01
8.636583634544208188e-01
1.550974042865114200e-01
9.849382042174802399e-01
6.758910501568454743e-01
8.510600229257503369e-01
5.059832455115180760e-01
4.335451488757309235e-01
8.650977839474505160e-01
6.582166747933524409e-01
4.691876260006533905e-01
4.502560078393633702e-01
8.433284817094478525e-01
1.542908454105638982e-01
1.201011953144131006e-01
9.843968640732612130e-01
4.977950648998339944e-01
6.814728385538773026e-01
2.112349903089107694e-01
8.787528989053863260e-01
1.223521697070639319e-01
2.409154534235211920e-01
8.944342817611961732e-03
5.283802162932831337e-01
4.161094963777476896e-01
2.899580923876719507e-01
6.932735227988952309e-02
9.858131532870861857e-02
9.491965170589342082e-02
5.015576047843651741e-01
5.894823065692984532e-01
9.497734268697469173e-02
1.751945075683694897e-01
3.495269195034876319e-01
5.915336858739752568e-01
1.878836060565543253e-01
4.219289020144523783e-01
1.257943740624258566e-01
3.321343459612541293e-01
3.297232559838828014e-01
3.619155291713016531e-01
3.706950249680769915e-01
3.285166700015555441e-01
3.259823999487889562e-02
5.191835792072403422e-01
4.946937745372028128e-01
8.494468929734180218e-01
3.836732125145641548e-01
5.567469052051323697e-01
2.431289817945050946e-01
6.706646832039035722e-02
3.415790450245134169e-01
1.654742877014562033e-02
3.226020324060901445e-01
2.190067215216981444e-01
2.496152074758074824e-01
5.239642029737854312e-01
6.726476041155621255e-02
1.509689851809261352e-01
3.121599652813442094e-01
8.105835836052772692e-01
4.220527362652640169e-01
1.446077873456595997e-01
1.158974464173627567e-01
1.304977092887091017e-01
1.401529489532633566e-01
4.477709227389455870e-01
4.306834084623671621e-02
7.008175419596921474e-01
4.092678936420519609e-01
3.037101898242527409e-01
2.800163495739185771e-01
6.341324037866535868e-01
6.574576798848584813e-01
2.087537373022761433e-01
6.419279584140568096e-01
5.350360098520552388e-01
2.271662913880347912e-01
3.715140338287378774e-01
2.596528265926605905e-01
9.725578984927103765e-02
1.888677616342954446e-01
4.136930731286709295e-01
4.401148271497089537e-01
4.336333252832799134e-01
4.199523539601333622e-01
2.735810623025515254e-01
4.623560448592028416e-01
4.335451488757309235e-01
8.422600410407269367e-01
4.375133313099771049e-01
3.940812533008499208e-01
3.866905762159502657e-01
2.404691516520052474e-01
2.498287292372195767e-01
4.039077354379264073e-01
2.660157165199534268e-01
3.040047826751676729e-01
1.999234125563220110e-01
2.697740569936822319e-01
5.455417929920203940e-02
2.996257615596003010e-01
2.624602092028111011e-01
3.421861739934235480e-01
3.537586006988633347e-01
4.571211039913348761e-01
7.477461827812044957e-03
3.987850689217383171e-01
6.940811132047828291e-01
4.649516892891702308e-02
4.288591592733237978e-01
2.609518426308536365e-01
5.641874023666896415e-02
4.839796049745565543e-01
4.754250252289021761e-01
4.697330844315660281e-01
5.733574391672899978e-02
1.228649319958272923e-01
3.427826815248845582e-01
1.773458099012835132e-01
9.750159788397132488e-01
7.400121893360801506e-01
7.788118712703951951e-01
3.266239919365101496e-01
6.850498083415594852e-01
7.190721618180700991e-01
8.564720386563123844e-01
7.760090864268806010e-01
9.047323476147685062e-01
4.195141001648575729e-01
5.150575282984606318e-01
8.362983503237245708e-01
4.507066930802730576e-01
6.501861998435867207e-01
4.203360598048471175e-01
7.834414807587224416e-01
7.833490284113387991e-01
8.772246538140786587e-01
6.239841940119852381e-01
7.935822709215489823e-01
6.975194834798102983e-01
7.291914691847851682e-01
4.590685160466476677e-01
2.245928879102225273e-01
3.304631873286191235e-01
9.825304561164929229e-01
4.339775041297337377e-01
6.736970178016471467e-01
6.704022837979056737e-01
9.969272047354126309e-01
3.824137213398420276e-01
8.922717074338252230e-01
4.909209772332094879e-01
7.153748561985106003e-01
4.049445344848769390e-01
3.260480909072797640e-01
4.560626219095768596e-01
4.051698601425643975e-01
7.544123003954710249e-01
9.461636748161623700e-01
2.080526196512657300e-01
5.682966358876236912e-01
9.527046060442874165e-01
8.279925181784981714e-01
7.216155792780013511e-01
8.308215779454936056e-01
9.185149190236356898e-01
5.031228283172293203e-01
9.509399939451571582e-01
9.916724858308381130e-01
5.689738926528717933e-01
4.222839029418130885e-02
6.927187771045311138e-01
8.808873506720982238e-01
7.612430688269766765e-01
8.922717074338252230e-01
6.498439258767719773e-01
7.669343780464600302e-01
4.102730137299592239e-01
4.585708637132168142e-01
6.550154894440569642e-01
8.122832301797460186e-01
9.880604106406176701e-01
9.707367033462740435e-01
3.145246467052000283e-01
1.030703840988804326e-01
3.110083743225096620e-01
8.220419126681524080e-01
6.646457545484839580e-01
4.593287261906537355e-01
8.876241992058018226e-01
5.569550090400426923e-01
3.994778734355561856e-01
5.285238889888551617e-01
6.411276244144048508e-01
4.335451488757309235e-01
8.305319015471980260e-01
8.110110411587064805e-01
7.706741654201705316e-01
7.333538792097876735e-01
7.932373902735805338e-01
3.476142285013998356e-01
9.267571586007251616e-01
4.735242680771682422e-01
7.277559297620003198e-01
8.808252461046658377e-01
7.468034997800661046e-01
7.991694731590591738e-01
8.970391294812589678e-01
2.550078009069641216e-01
2.069258105737118714e-01
5.573739685861213156e-01
8.483977546589611674e-01
1.663147024857762890e-01
7.937874843579992845e-01
9.459801545347982232e-01
7.740578188269285898e-01
7.448329508011689581e-01
9.928280707934828975e-01
7.974664491362671859e-01
>>>>>>> 7c304dff463f6041ee2a719d8cfb7da857970a3e
