3.621176973967822343e-01
4.721809843008238916e-01
2.784092234056213533e-01
8.652557617340612961e-02
3.548895660597121693e-01
1.080602948774394972e-01
1.579909005605150407e-01
2.894005217855084022e-01
2.797341296453371151e-01
4.336244734142238322e-01
2.979878668435866351e-01
5.770693160081473705e-01
4.875711376306680195e-02
1.447730502065860125e-01
1.950763364834997571e-01
1.343070432728086794e-01
2.139535399610002428e-02
1.573781456672776469e-01
3.964321882956763354e-01
4.971856996055066813e-01
3.825912488782811649e-01
4.414353271732582296e-01
3.767868380250857796e-01
3.232954821651886634e-01
4.138694097477587652e-01
2.376558580434115220e-01
2.633863147306816921e-01
4.414771713014855603e-01
3.609709603516029208e-01
2.694890802072381630e-01
5.339388749798105183e-01
2.737081300560475494e-01
5.172815994502978354e-01
2.523645599728028405e-02
1.943407058439167723e-01
6.262923514240533729e-01
3.740953679830800183e-01
1.913493208242861010e-01
4.090704419457055763e-01
5.175828416464777204e-01
9.304532398888885891e-02
3.698464901353600287e-01
5.320184581350001496e-01
2.872133353630204056e-01
1.015868556406668149e-01
5.787629519089346891e-02
2.162547713589914877e-01
1.234828122697213260e-01
8.827964983025321510e-02
3.609709603516029208e-01
4.211109286088641213e-01
1.639953466991481423e-01
8.903563713511493116e-01
3.714541974834842941e-01
3.811151913320728335e-01
4.320612693531679094e-01
1.357230011290350424e-01
8.543960434528743986e-02
6.209817402205426440e-01
1.263131546999521071e-01
5.787196514362503708e-01
1.652410908589602712e-01
4.320612693531679094e-01
8.824561117707638291e-02
4.758665399028819826e-02
5.488619764786797917e-02
1.104189264121099162e-01
4.853093802792611267e-01
1.085712025241882955e-01
4.115850182430652038e-01
8.788231781824637490e-02
4.320612693531679094e-01
1.899430627783306735e-01
3.608235286918229368e-02
2.696242001060192295e-01
3.728512838341211388e-01
4.535660523727318427e-01
4.317564012243130245e-02
5.320518692687784545e-01
8.643811826386756103e-02
2.811589189464766547e-01
5.274647971099630933e-02
1.126616603596683058e-01
3.932628468043711245e-01
3.650870346443635395e-02
3.136727063479454736e-01
1.373536565135602960e-01
6.741329380720773035e-02
2.970669013124508373e-01
8.219668088311268828e-02
4.320612693531679094e-01
2.197072842223110611e-01
3.699118213979217251e-01
2.205106687922418485e-01
2.848315524688225797e-01
3.292496261696504778e-01
2.951355347642056759e-01
4.414150943923973447e-01
9.136772034925615127e-02
3.380726397730541843e-01
9.671927434714285843e-01
6.791396339234894164e-01
4.723025719475468232e-01
8.602276545953180253e-01
3.022230395732574681e-01
9.640452381994644160e-01
9.053196073998970306e-01
9.391173063360785944e-01
4.259363914271196896e-04
8.711421584803240303e-02
8.016312517311168229e-01
3.199499881880494279e-01
8.680240844370659126e-01
5.924151177597070106e-01
7.228841623166355479e-01
5.902351882519929482e-01
6.950783450632080918e-01
9.044503149310780810e-01
6.717075166466764946e-01
4.574209677037143207e-01
9.335419443747290658e-02
7.250351697299102227e-01
8.815133214713696264e-01
9.249643878321305301e-01
8.922914865243048999e-01
9.618879532926022380e-01
8.209051176936975613e-01
7.644725275780056561e-01
9.531095165212108977e-01
5.876235167633867551e-01
9.977718794693162252e-01
6.900147087417267677e-01
9.257405486889892510e-01
9.803356572959772697e-01
9.973227475976681466e-01
4.511671776011770829e-01
1.143101566073725789e-01
8.874336569709049272e-01
7.829050877066260350e-01
9.371321367852387674e-01
9.099215649763123803e-01
3.219863746663649551e-02
8.127593586597069431e-01
8.907851932162507147e-01
8.097115712336999671e-01
9.111820438998461391e-01
8.362116769505187341e-02
1.016448197113774821e-01
9.829752219103389255e-01
8.545661185667211557e-01
9.998457602603033623e-01
9.626332368852306143e-01
7.250350069462566660e-01
8.793836672038692903e-01
3.976002402876592234e-01
6.361533947013910950e-01
7.136039109027386695e-01
5.277945724821107021e-01
8.898256162404263314e-01
8.140219959079925127e-01
1.558586494625727181e-01
5.335200110588120825e-01
6.306737031137614746e-01
9.437506446337909916e-01
8.918050599961386826e-01
2.752890746004030831e-01
8.672375675087385938e-01
4.326169496368399425e-01
6.883355633780552374e-01
3.540773971462301550e-01
5.260606377053403948e-01
3.929026080324879433e-01
4.471460879516063747e-01
6.900986761927605517e-01
9.396768640888708557e-01
9.835581579238658056e-01
4.850005664735483335e-01
4.263377508831487916e-01
9.404110385516896153e-01
6.884428607426291702e-01
8.929542249157266243e-01
7.391238429500167351e-02
6.597346518435931451e-01
8.628260816743791306e-01
6.736799450668956579e-01
9.161025507793522094e-01
8.823511558896309781e-01
9.498876938023490535e-01
1.536180409829922267e-01
8.541639040365426316e-01
9.170752747584334230e-01
7.624410078372506616e-01
6.009923039169899894e-01
9.700999361387105946e-01
8.819749834404885247e-01
8.852407595479130364e-01
6.377610595661101778e-01
6.134950936443377412e-01
3.672015640440873807e-01
9.071508222042536929e-01
1.626628720841566400e-01
6.879609314217974836e-01
3.361520503321396292e-01
2.639364016454202599e-01
3.087508606929259547e-02
5.066811440800843558e-01
1.332366369020206165e-01
3.105624408891980576e-03
3.031732634412013794e-01
6.819210456089335182e-01
1.304270033899687375e-01
2.233641540697770544e-01
1.969198412210592386e-01
5.110240337765913354e-01
4.741752049412845671e-01
4.677322249416687172e-01
3.262119471949804783e-01
3.425338503292872372e-01
2.588635375355077817e-01
4.732767068982685760e-02
7.424222220825200946e-02
1.811526422864570551e-01
3.543173797783686352e-01
4.299318997272573717e-01
4.736251447308334472e-02
3.136123502072410418e-02
7.127467485845168094e-02
4.484787915500896838e-01
4.453176678958256640e-01
4.754758468079768874e-01
3.838422425035535601e-02
2.672240535611998813e-01
7.979724018150912146e-01
2.657581263580783282e-01
4.154015845855558720e-01
1.868827514614283536e-01
8.277163088935804436e-02
7.064424841311757186e-01
5.819503622939279364e-01
2.180471927361938289e-01
1.206835789398247177e-01
1.424226188434311591e-01
6.631121461723007426e-01
6.735631412404036178e-01
8.859560737139022812e-01
7.222783690767888010e-02
1.886486140600487638e-01
4.296463151393142832e-02
1.341140274027229906e-01
4.748974405738516924e-01
3.801808993655818036e-01
6.922045172288345816e-01
8.224816485973965863e-01
7.226694345656042850e-02
6.642317123235278453e-01
3.745907338553802757e-01
3.949407246109316039e-01
2.428292286121208621e-01
3.353063857912551571e-01
4.798469009808392083e-01
4.029393785950899920e-01
2.102178705312929552e-01
1.745594651258068064e-01
9.785370904980197904e-02
1.228629475593534109e-01
2.560895778019803282e-01
2.845111227694337441e-01
1.139456009068424841e-01
3.612673924360365607e-02
1.463530466574130551e-01
7.184068704393309357e-02
1.007793929957910978e-01
4.710200167010618610e-01
5.719630021675867759e-01
2.978998325752794663e-01
2.538220626822161319e-01
6.171382567534003938e-01
5.299215819495345370e-01
4.615896248339513286e-01
2.006093076482358961e-01
2.778584656136376951e-01
4.684258856046013553e-01
5.538948912022420012e-01
3.847969897444100118e-01
8.619936315663895288e-02
4.440397243090141166e-02
6.640680989239615695e-01
1.295386289446762429e-01
3.937030304846421691e-01
5.940825678104773022e-01
2.543245998048901946e-01
4.684258856046013553e-01
1.041264292664563773e-01
8.119844028930513560e-03
3.651025655447363572e-01
1.559120238887966477e-02
8.067815971239895578e-01
4.684258856046013553e-01
7.262376269527660855e-02
8.557355401484320057e-01
6.345528551830443842e-01
2.068476113973306274e-01
8.276497604829742283e-01
7.047660933022134033e-01
5.301206881860871523e-01
9.835580360905246122e-01
6.298749058643616783e-01
5.283925728621223783e-01
3.743719927272700088e-01
5.411373650599898832e-01
5.406537995354726567e-01
4.453176678958256640e-01
3.876756068841542002e-01
3.751189344689528915e-01
4.499576905805093285e-01
8.157128317264026318e-01
8.914620820978495785e-02
8.653714422271185924e-01
6.122525563156622219e-01
7.723845144925606254e-01
8.514757300139067508e-01
9.975661865605782719e-01
8.226428477323177724e-01
4.641879708464979881e-01
6.099059631915282331e-01
6.769245179198944973e-01
9.988526443546322797e-01
5.062898619401182687e-01
8.101580180891650995e-01
4.306400560001518163e-01
9.955697592992894807e-01
4.270276256400523107e-01
4.433393501508595125e-01
7.808852996952568570e-02
4.730132866125580371e-01
9.144761288089772178e-01
8.715558475706328689e-01
7.585791935227570448e-01
6.446807784367593053e-01
5.324723925556474891e-01
4.533183479210220468e-01
7.594144953635767470e-02
1.832717840871103676e-01
4.800323570683244778e-01
9.129812204881648796e-01
5.963926939621433387e-01
7.002529613767157768e-01
6.484037410272722735e-01
4.376925253402634275e-01
6.142398956893825313e-01
5.826333510153255402e-01
3.515453063835614622e-01
7.920070548620827822e-01
7.754780003894593543e-01
8.075894759315661586e-01
3.904078562556134169e-01
9.563616314778080607e-01
9.489659497112736819e-01
9.359544403073772889e-01
9.968760246781630530e-01
6.358680237070787333e-01
9.176042546328386784e-01
5.272416918342893721e-01
3.201502129938997854e-01
7.643232595487590153e-01
7.346043055243054454e-01
9.349984478195795257e-01
9.491010296100769184e-01
3.707319278712214450e-01
7.863719934129130840e-01
2.631687046700261767e-01
6.031596194067915251e-01
4.004355642704487961e-01
8.877827077802105116e-01
5.189645707670968999e-01
9.335800381493039035e-01
8.411926633899182715e-01
8.631968120904673913e-01
3.764834428673397015e-01
8.007900527791765866e-01
7.621110949167976267e-01
8.774334279887168186e-01
1.838200277805221716e-01
9.872543337271115771e-01
6.328463887387252296e-01
8.271792258469415904e-01
4.325854110237205563e-01
4.320612693531679094e-01
8.731868571622466435e-01
7.148136003286775786e-01
4.806226796166219173e-01
3.935447692179127044e-01
8.550109916268183730e-01
1.186114248949387967e-01
7.929213181253721987e-02
9.889594480023201628e-01
5.041747806060623560e-01
6.950925605556624864e-01
1.471407927023881956e-01
8.751453990238698966e-01
1.111342580329477969e-01
2.213119162447561850e-01
3.959743584239369500e-03
3.708023059701646140e-01
3.608224930008819276e-01
2.463007155521094727e-01
6.780600252582476284e-02
7.525589718127688454e-02
8.347292325718977390e-02
4.964050958857982865e-01
6.522417773127965335e-01
7.576486260324206967e-02
1.735468844267593624e-01
2.944633064132807232e-01
5.447537924001416565e-01
1.682937158390063193e-01
4.211109286088641213e-01
1.779415868088126684e-01
2.748667805433164801e-01
3.317188858242441918e-01
3.455152824226760400e-01
3.156795827613528838e-01
3.214245394131948763e-01
3.104834784886560325e-02
5.657406664129268625e-01
5.040932842437785277e-01
8.330478015087465771e-01
4.405735363190281251e-01
5.451783777058002434e-01
2.716870538274297475e-01
6.883303051365259606e-02
3.536554718284848908e-01
1.588234135486605095e-02
4.268833677975262808e-01
1.990469882870304352e-01
2.055666618900654496e-01
5.282543760128446397e-01
5.036660988418651536e-02
1.424987694173081298e-01
3.002473051553095074e-01
8.134402831466888140e-01
4.136955195372222227e-01
1.029941098892368095e-01
8.976343385279431097e-02
1.132073075220242642e-01
1.118333693588855482e-01
4.948403186915548702e-01
2.393022924884973326e-02
8.084896097442687557e-01
5.215314306864550220e-01
3.273227449687978741e-01
2.844268340088424440e-01
6.670444178283955194e-01
5.677391156014364171e-01
1.957161692363144911e-01
6.080201810991717748e-01
5.095854574573116524e-01
2.575138187665150236e-01
3.283712940759293542e-01
2.885779332701214339e-01
9.181140398829952531e-02
1.755750572631405437e-01
4.128584749214896932e-01
4.878540569903493940e-01
4.146177851674248682e-01
4.450016331626873711e-01
2.837284796204652126e-01
4.782089706861071265e-01
4.320612693531679094e-01
8.303597415528819470e-01
5.245052246674856145e-01
3.258846450982980092e-01
3.548627771256750441e-01
1.625781728761326317e-01
3.071024187374303271e-01
3.533270177567363057e-01
2.394040355260720343e-01
2.991185403473480831e-01
1.888684480240542529e-01
2.812533609841019744e-01
3.460858782530177452e-02
3.312148227145394475e-01
2.218952269017035461e-01
3.082285875645241480e-01
4.220800643636881122e-01
4.198793925502427582e-01
4.863640108052246641e-03
3.923953288558484909e-01
6.730798325606448529e-01
5.302972136905006323e-02
4.540522650592869747e-01
2.535401483005470524e-01
4.181154062421457013e-02
4.987647662321303410e-01
4.697255359532341301e-01
4.115441403286088096e-01
6.267959508196034590e-02
1.342724539776539994e-01
3.170883011768080850e-01
1.358185067541142210e-01
9.794884134512032992e-01
7.607094692703910699e-01
8.153905447911203863e-01
2.206148999794467769e-01
6.333968483540283190e-01
6.994862596255186915e-01
8.605467057457695246e-01
7.860268840401305468e-01
8.586198263340261150e-01
3.966192906138879537e-01
4.421581662028186144e-01
8.452546026905549681e-01
4.756350847028905093e-01
6.260199426215240504e-01
4.231930829812147188e-01
8.073010354288836510e-01
8.041692356758939342e-01
8.674641252744306197e-01
6.159578505254408309e-01
7.755984792701575703e-01
6.800449046140839560e-01
7.431542817515740529e-01
3.958935293533462629e-01
2.146610593306328696e-01
5.503554389325616691e-01
9.846251629770678138e-01
4.511428298876918874e-01
6.913965591818911349e-01
7.006366797738263763e-01
9.978408497206884276e-01
4.095374887590160773e-01
9.044503149310780810e-01
4.634809245096792596e-01
7.687147889832626202e-01
4.174035345687617804e-01
3.188463350274264863e-01
4.819230983467446272e-01
4.389077485931786038e-01
7.986799172402992975e-01
9.207554143930113399e-01
3.008568526072742944e-01
6.119832125954223212e-01
9.426913141046094902e-01
8.396503176838491234e-01
7.804654197937135329e-01
8.477180883298317537e-01
9.276688918251279059e-01
5.001533014198755733e-01
9.618548913602982253e-01
9.938555694938249196e-01
5.531059392541496367e-01
4.680051084353829133e-02
6.702770452507945675e-01
9.055497916805973491e-01
8.254693685573969431e-01
9.044503149310780810e-01
6.384886334665391683e-01
7.853455529744453045e-01
4.494978113191540614e-01
4.996695184510013266e-01
6.441278736471384159e-01
8.317551783922839670e-01
9.895960951472747569e-01
9.689276773753932037e-01
3.409308214214860078e-01
1.511124818432391104e-01
2.784818422414018224e-01
8.768812607320124464e-01
6.751974424608937486e-01
4.210454686426353677e-01
9.005107542137348320e-01
4.363028846995623544e-01
3.742162164760777787e-01
5.209171569497500487e-01
5.999409701817808305e-01
4.320612693531679094e-01
8.072120712237078610e-01
8.229408947290067777e-01
7.681240749262325807e-01
7.478446833297041074e-01
8.267133370015145033e-01
3.443094349283228883e-01
9.368058695729263308e-01
4.677335943475620650e-01
7.286103327808435282e-01
8.926749103737391389e-01
7.750838316243731096e-01
8.121935605993105822e-01
9.023305841061306509e-01
3.123849432967779616e-01
2.500766868304014623e-01
5.506559591082136329e-01
8.409650191310822365e-01
1.485390360733674919e-01
8.020141220756298317e-01
9.534621486228187504e-01
8.187643077852554407e-01
7.799761769802125988e-01
9.945606430926208219e-01
8.033810204897317009e-01
